100 - 4950, 100, 0.000000
100 - 2858, 2759, 0.000000
100 - 1547, 609, 0.000000
100 - 853, 393, 0.000000
200 - 19900, 200, 0.000000
200 - 10619, 10420, 0.000000
200 - 3697, 1434, 0.000000
200 - 1735, 851, 0.000000
300 - 44850, 300, 0.000000
300 - 23271, 22972, 0.000000
300 - 6045, 2325, 0.000000
300 - 3489, 1637, 0.000000
400 - 79800, 400, 0.000000
400 - 41316, 40917, 0.000000
400 - 8604, 3293, 0.000000
400 - 4147, 2330, 0.000000
500 - 124750, 500, 0.000000
500 - 64115, 63616, 0.000000
500 - 11233, 4279, 0.000000
500 - 5369, 2896, 0.000000
600 - 179700, 600, 0.015000
600 - 92712, 92113, 0.000000
600 - 13930, 5283, 0.000000
600 - 6659, 3365, 0.000000
700 - 244650, 700, 0.000000
700 - 125269, 124570, 0.000000
700 - 16698, 6311, 0.000000
700 - 7810, 4223, 0.000000
800 - 319600, 800, 0.000000
800 - 163726, 162927, 0.016000
800 - 19608, 7395, 0.000000
800 - 9213, 5067, 0.000000
900 - 404550, 900, 0.015000
900 - 207386, 206487, 0.000000
900 - 22442, 8442, 0.000000
900 - 10729, 5851, 0.000000
1000 - 499500, 1000, 0.000000
1000 - 255135, 254136, 0.016000
1000 - 25439, 9567, 0.000000
1000 - 12104, 5752, 0.000000
1100 - 604450, 1100, 0.000000
1100 - 305147, 304048, 0.016000
1100 - 28451, 10692, 0.000000
1100 - 13489, 6087, 0.000000
1200 - 719400, 1200, 0.000000
1200 - 365885, 364686, 0.015000
1200 - 31429, 11784, 0.000000
1200 - 15825, 8649, 0.000000
1300 - 844350, 1300, 0.016000
1300 - 429463, 428164, 0.000000
1300 - 34607, 12964, 0.000000
1300 - 16331, 8257, 0.000000
1400 - 979300, 1400, 0.016000
1400 - 492417, 491018, 0.015000
1400 - 37752, 14138, 0.000000
1400 - 16795, 8678, 0.000000
1500 - 1124250, 1500, 0.016000
1500 - 567001, 565502, 0.000000
1500 - 40861, 15285, 0.000000
1500 - 20711, 10422, 0.015000
1600 - 1279200, 1600, 0.016000
1600 - 643664, 642065, 0.016000
1600 - 44185, 16540, 0.000000
1600 - 21396, 10250, 0.000000
1700 - 1444150, 1700, 0.015000
1700 - 727874, 726175, 0.016000
1700 - 47303, 17684, 0.000000
1700 - 23137, 11624, 0.000000
1800 - 1619100, 1800, 0.016000
1800 - 812091, 810292, 0.031000
1800 - 50517, 18873, 0.000000
1800 - 22551, 11120, 0.000000
1900 - 1804050, 1900, 0.015000
1900 - 901824, 899925, 0.016000
1900 - 53719, 20061, 0.016000
1900 - 24873, 11878, 0.000000
2000 - 1999000, 2000, 0.015000
2000 - 999058, 997059, 0.032000
2000 - 56846, 21201, 0.000000
2000 - 30670, 16524, 0.000000
2100 - 2203950, 2100, 0.015000
2100 - 1112861, 1110762, 0.031000
2100 - 60141, 22394, 0.000000
2100 - 27737, 13501, 0.000000
2200 - 2418900, 2200, 0.032000
2200 - 1217595, 1215396, 0.031000
2200 - 63724, 23711, 0.000000
2200 - 30211, 16261, 0.016000
2300 - 2643850, 2300, 0.015000
2300 - 1325087, 1322788, 0.047000
2300 - 66931, 24897, 0.000000
2300 - 31500, 15455, 0.000000
2400 - 2878800, 2400, 0.031000
2400 - 1432440, 1430041, 0.032000
2400 - 70332, 26159, 0.015000
2400 - 34057, 16976, 0.000000
2500 - 3123750, 2500, 0.031000
2500 - 1578070, 1575571, 0.047000
2500 - 73674, 27357, 0.000000
2500 - 37387, 21590, 0.000000
2600 - 3378700, 2600, 0.032000
2600 - 1708815, 1706216, 0.062000
2600 - 77093, 28609, 0.000000
2600 - 39362, 16865, 0.000000
2700 - 3643650, 2700, 0.047000
2700 - 1836071, 1833372, 0.047000
2700 - 80498, 29856, 0.015000
2700 - 36805, 18800, 0.000000
2800 - 3918600, 2800, 0.032000
2800 - 1984361, 1981562, 0.062000
2800 - 83935, 31103, 0.000000
2800 - 42812, 18607, 0.000000
2900 - 4203550, 2900, 0.031000
2900 - 2115845, 2112946, 0.079000
2900 - 87471, 32426, 0.000000
2900 - 42201, 22708, 0.000000
3000 - 4498500, 3000, 0.046000
3000 - 2267766, 2264767, 0.063000
3000 - 90925, 33698, 0.000000
3000 - 41778, 19664, 0.000000
3100 - 4803450, 3100, 0.047000
3100 - 2423249, 2420150, 0.062000
3100 - 94239, 34912, 0.000000
3100 - 46181, 23593, 0.000000
3200 - 5118400, 3200, 0.063000
3200 - 2570778, 2567579, 0.062000
3200 - 97679, 36171, 0.000000
3200 - 47877, 25113, 0.000000
3300 - 5443350, 3300, 0.063000
3300 - 2733780, 2730481, 0.078000
3300 - 101064, 37394, 0.000000
3300 - 47111, 20204, 0.000000
3400 - 5778300, 3400, 0.062000
3400 - 2845749, 2842350, 0.063000
3400 - 104639, 38697, 0.000000
3400 - 57300, 27494, 0.016000
3500 - 6123250, 3500, 0.062000
3500 - 3020665, 3017166, 0.078000
3500 - 108040, 39929, 0.000000
3500 - 48761, 26059, 0.000000
3600 - 6478200, 3600, 0.078000
3600 - 3204163, 3200564, 0.094000
3600 - 111550, 41221, 0.000000
3600 - 52658, 26412, 0.000000
3700 - 6843150, 3700, 0.063000
3700 - 3391397, 3387698, 0.093000
3700 - 115073, 42499, 0.016000
3700 - 55774, 29253, 0.000000
3800 - 7218100, 3800, 0.062000
3800 - 3569911, 3566112, 0.094000
3800 - 118610, 43794, 0.016000
3800 - 56985, 25753, 0.000000
3900 - 7603050, 3900, 0.078000
3900 - 3757584, 3753685, 0.094000
3900 - 122188, 45087, 0.000000
3900 - 57107, 28450, 0.000000
4000 - 7998000, 4000, 0.093000
4000 - 4029666, 4025667, 0.094000
4000 - 125594, 46290, 0.000000
4000 - 59589, 34193, 0.016000
4100 - 8402950, 4100, 0.078000
4100 - 4225732, 4221633, 0.109000
4100 - 129068, 47553, 0.000000
4100 - 61129, 29168, 0.000000
4200 - 8817900, 4200, 0.094000
4200 - 4428725, 4424526, 0.141000
4200 - 132747, 48923, 0.000000
4200 - 63640, 33958, 0.000000
4300 - 9242850, 4300, 0.093000
4300 - 4627458, 4623159, 0.125000
4300 - 136469, 50294, 0.000000
4300 - 61859, 29672, 0.000000
4400 - 9677800, 4400, 0.110000
4400 - 4836102, 4831703, 0.125000
4400 - 140301, 51693, 0.000000
4400 - 63606, 31485, 0.000000
4500 - 10122750, 4500, 0.109000
4500 - 4985448, 4980949, 0.125000
4500 - 143841, 53057, 0.000000
4500 - 66192, 31060, 0.000000
4600 - 10577700, 4600, 0.125000
4600 - 5245721, 5241122, 0.125000
4600 - 147556, 54408, 0.016000
4600 - 71954, 36116, 0.000000
4700 - 11042650, 4700, 0.109000
4700 - 5460097, 5455398, 0.141000
4700 - 151259, 55775, 0.015000
4700 - 72451, 38290, 0.000000
4800 - 11517600, 4800, 0.110000
4800 - 5690479, 5685680, 0.156000
4800 - 154987, 57136, 0.000000
4800 - 73869, 35646, 0.016000
4900 - 12002550, 4900, 0.109000
4900 - 5977620, 5972721, 0.156000
4900 - 158643, 58434, 0.016000
4900 - 74690, 38638, 0.000000
5000 - 12497500, 5000, 0.125000
5000 - 6203171, 6198172, 0.156000
5000 - 162357, 59785, 0.000000
5000 - 77648, 40379, 0.016000
5100 - 13002450, 5100, 0.125000
5100 - 6442953, 6437854, 0.172000
5100 - 166080, 61162, 0.000000
5100 - 80375, 42112, 0.015000
5200 - 13517400, 5200, 0.125000
5200 - 6744916, 6739717, 0.203000
5200 - 169634, 62406, 0.000000
5200 - 87702, 48004, 0.000000
5300 - 14042350, 5300, 0.141000
5300 - 7025219, 7019920, 0.219000
5300 - 173328, 63746, 0.000000
5300 - 85847, 42948, 0.000000
5400 - 14577300, 5400, 0.156000
5400 - 7297070, 7291671, 0.234000
5400 - 176958, 65057, 0.000000
5400 - 91103, 41781, 0.000000
5500 - 15122250, 5500, 0.157000
5500 - 7481287, 7475788, 0.203000
5500 - 181277, 66793, 0.000000
5500 - 82813, 39541, 0.000000
5600 - 15677200, 5600, 0.172000
5600 - 7771697, 7766098, 0.203000
5600 - 184836, 68070, 0.000000
5600 - 88107, 43299, 0.015000
5700 - 16242150, 5700, 0.157000
5700 - 8068643, 8062944, 0.218000
5700 - 188692, 69478, 0.000000
5700 - 86681, 41221, 0.000000
5800 - 16817100, 5800, 0.172000
5800 - 8332279, 8326480, 0.203000
5800 - 192247, 70721, 0.000000
5800 - 93580, 49593, 0.016000
5900 - 17402050, 5900, 0.188000
5900 - 8614446, 8608547, 0.234000
5900 - 196025, 72099, 0.000000
5900 - 94550, 43145, 0.000000
6000 - 17997000, 6000, 0.203000
6000 - 8962218, 8956219, 0.234000
6000 - 199558, 73317, 0.000000
6000 - 96145, 45528, 0.016000
6100 - 18601950, 6100, 0.172000
6100 - 9239801, 9233702, 0.250000
6100 - 203231, 74651, 0.000000
6100 - 102499, 46320, 0.000000
6200 - 19216900, 6200, 0.203000
6200 - 9561338, 9555139, 0.250000
6200 - 207116, 76054, 0.016000
6200 - 101404, 48929, 0.000000
6300 - 19841850, 6300, 0.203000
6300 - 9849575, 9843276, 0.250000
6300 - 210922, 77447, 0.015000
6300 - 105245, 49602, 0.000000
6400 - 20476800, 6400, 0.204000
6400 - 10153247, 10146848, 0.265000
6400 - 214665, 78809, 0.016000
6400 - 107076, 54651, 0.000000
6500 - 21121750, 6500, 0.219000
6500 - 10760507, 10754008, 0.281000
6500 - 218301, 79987, 0.000000
6500 - 114437, 64103, 0.015000
6600 - 21776700, 6600, 0.219000
6600 - 11069929, 11063330, 0.297000
6600 - 222102, 81388, 0.000000
6600 - 106376, 55225, 0.016000
6700 - 22441650, 6700, 0.218000
6700 - 11269306, 11262607, 0.297000
6700 - 225676, 82709, 0.016000
6700 - 104086, 51266, 0.000000
6800 - 23116600, 6800, 0.234000
6800 - 11587037, 11580238, 0.313000
6800 - 229492, 84105, 0.000000
6800 - 109344, 53228, 0.000000
6900 - 23801550, 6900, 0.234000
6900 - 11905626, 11898727, 0.313000
6900 - 233654, 85734, 0.015000
6900 - 107553, 50455, 0.000000
7000 - 24496500, 7000, 0.250000
7000 - 12295690, 12288691, 0.328000
7000 - 237459, 87109, 0.000000
7000 - 113070, 57361, 0.000000
7100 - 25201450, 7100, 0.266000
7100 - 12648650, 12641551, 0.328000
7100 - 241353, 88514, 0.000000
7100 - 111129, 56870, 0.016000
7200 - 25916400, 7200, 0.250000
7200 - 12918097, 12910898, 0.344000
7200 - 244854, 89757, 0.015000
7200 - 123622, 69438, 0.000000
7300 - 26641350, 7300, 0.266000
7300 - 13308048, 13300749, 0.359000
7300 - 248816, 91203, 0.000000
7300 - 123918, 56331, 0.000000
7400 - 27376300, 7400, 0.281000
7400 - 13509650, 13502251, 0.360000
7400 - 252782, 92763, 0.000000
7400 - 117395, 60042, 0.000000
7500 - 28121250, 7500, 0.281000
7500 - 13944205, 13936706, 0.375000
7500 - 256375, 94047, 0.000000
7500 - 123985, 70023, 0.016000
7600 - 28876200, 7600, 0.281000
7600 - 14279975, 14272376, 0.375000
7600 - 260327, 95482, 0.000000
7600 - 117616, 58334, 0.016000
7700 - 29641150, 7700, 0.296000
7700 - 14933190, 14925491, 0.391000
7700 - 263937, 96648, 0.000000
7700 - 121577, 62540, 0.016000
7800 - 30416100, 7800, 0.312000
7800 - 14997294, 14989495, 0.391000
7800 - 267954, 98309, 0.000000
7800 - 124698, 58429, 0.015000
7900 - 31201050, 7900, 0.313000
7900 - 15376764, 15368865, 0.391000
7900 - 271746, 99690, 0.015000
7900 - 125442, 61480, 0.000000
8000 - 31996000, 8000, 0.328000
8000 - 16106186, 16098187, 0.422000
8000 - 275537, 100906, 0.000000
8000 - 132130, 54639, 0.016000
8100 - 32800950, 8100, 0.328000
8100 - 16184741, 16176642, 0.422000
8100 - 279335, 102347, 0.015000
8100 - 132732, 66697, 0.000000
8200 - 33615900, 8200, 0.329000
8200 - 16664045, 16655846, 0.437000
8200 - 283280, 103782, 0.000000
8200 - 144543, 69379, 0.016000
8300 - 34440850, 8300, 0.343000
8300 - 17044472, 17036173, 0.454000
8300 - 287363, 105258, 0.000000
8300 - 132257, 63948, 0.000000
8400 - 35275800, 8400, 0.359000
8400 - 17532163, 17523764, 0.453000
8400 - 291026, 106463, 0.016000
8400 - 142906, 62468, 0.000000
8500 - 36120750, 8500, 0.375000
8500 - 18025674, 18017175, 0.468000
8500 - 295206, 108069, 0.000000
8500 - 137374, 70031, 0.016000
8600 - 36975700, 8600, 0.375000
8600 - 18297377, 18288778, 0.484000
8600 - 299183, 109677, 0.000000
8600 - 142636, 71268, 0.000000
8700 - 37840650, 8700, 0.391000
8700 - 18984064, 18975365, 0.484000
8700 - 302888, 110745, 0.016000
8700 - 143483, 73212, 0.016000
8800 - 38715600, 8800, 0.375000
8800 - 19235251, 19226452, 0.515000
8800 - 307015, 112443, 0.016000
8800 - 157683, 89761, 0.000000
8900 - 39600550, 8900, 0.391000
8900 - 20049159, 20040260, 0.531000
8900 - 310912, 113694, 0.015000
8900 - 143826, 68006, 0.000000
9000 - 40495500, 9000, 0.407000
9000 - 20198818, 20189819, 0.531000
9000 - 314994, 115309, 0.000000
9000 - 155095, 79719, 0.016000
9100 - 41400450, 9100, 0.421000
9100 - 20645007, 20635908, 0.547000
9100 - 318904, 116720, 0.000000
9100 - 155687, 72703, 0.000000
9200 - 42315400, 9200, 0.422000
9200 - 21100614, 21091415, 0.563000
9200 - 322760, 117977, 0.000000
9200 - 159818, 92042, 0.015000
9300 - 43240350, 9300, 0.422000
9300 - 21699734, 21690435, 0.594000
9300 - 326554, 119338, 0.000000
9300 - 163461, 77641, 0.000000
9400 - 44175300, 9400, 0.453000
9400 - 21897221, 21887822, 0.578000
9400 - 331005, 121123, 0.000000
9400 - 158212, 76046, 0.000000
9500 - 45120250, 9500, 0.453000
9500 - 22737210, 22727711, 0.610000
9500 - 334367, 122173, 0.000000
9500 - 154909, 75238, 0.015000
9600 - 46075200, 9600, 0.453000
9600 - 23442580, 23432981, 0.625000
9600 - 338579, 123647, 0.000000
9600 - 167120, 74312, 0.016000
9700 - 47040150, 9700, 0.453000
9700 - 23478146, 23468447, 0.625000
9700 - 343265, 125627, 0.016000
9700 - 169179, 84091, 0.015000
9800 - 48015100, 9800, 0.469000
9800 - 23937601, 23927802, 0.641000
9800 - 347079, 126998, 0.000000
9800 - 171163, 83169, 0.000000
9900 - 49000050, 9900, 0.500000
9900 - 24826299, 24816400, 0.656000
9900 - 350590, 127965, 0.016000
9900 - 168117, 77584, 0.000000
10000 - 49995000, 10000, 0.468000
10000 - 25089923, 25079924, 0.719000
10000 - 354455, 129405, 0.000000
10000 - 166356, 82164, 0.016000
